(kicad_pcb (version 20171130) (host pcbnew 5.1.4-1.fc30)

  (general
    (thickness 1.6)
    (drawings 1)
    (tracks 17)
    (zones 0)
    (modules 16)
    (nets 15)
  )

  (page A4)
  (layers
    (0 F.Cu signal)
    (31 B.Cu signal)
    (32 B.Adhes user)
    (33 F.Adhes user)
    (34 B.Paste user)
    (35 F.Paste user)
    (36 B.SilkS user)
    (37 F.SilkS user)
    (38 B.Mask user)
    (39 F.Mask user)
    (40 Dwgs.User user)
    (41 Cmts.User user)
    (42 Eco1.User user)
    (43 Eco2.User user)
    (44 Edge.Cuts user)
    (45 Margin user)
    (46 B.CrtYd user)
    (47 F.CrtYd user)
    (48 B.Fab user)
    (49 F.Fab user)
  )

  (setup
    (last_trace_width 1)
    (user_trace_width 0.4)
    (user_trace_width 1)
    (user_trace_width 4)
    (trace_clearance 0.2)
    (zone_clearance 0.508)
    (zone_45_only no)
    (trace_min 0.2)
    (via_size 0.8)
    (via_drill 0.4)
    (via_min_size 0.4)
    (via_min_drill 0.3)
    (uvia_size 0.3)
    (uvia_drill 0.1)
    (uvias_allowed no)
    (uvia_min_size 0.2)
    (uvia_min_drill 0.1)
    (edge_width 0.05)
    (segment_width 0.2)
    (pcb_text_width 0.3)
    (pcb_text_size 1.5 1.5)
    (mod_edge_width 0.12)
    (mod_text_size 1 1)
    (mod_text_width 0.15)
    (pad_size 1.524 1.524)
    (pad_drill 0.762)
    (pad_to_mask_clearance 0.051)
    (solder_mask_min_width 0.25)
    (aux_axis_origin 0 0)
    (visible_elements FFFFFF7F)
    (pcbplotparams
      (layerselection 0x010fc_ffffffff)
      (usegerberextensions false)
      (usegerberattributes false)
      (usegerberadvancedattributes false)
      (creategerberjobfile false)
      (excludeedgelayer true)
      (linewidth 0.100000)
      (plotframeref false)
      (viasonmask false)
      (mode 1)
      (useauxorigin false)
      (hpglpennumber 1)
      (hpglpenspeed 20)
      (hpglpendiameter 15.000000)
      (psnegative false)
      (psa4output false)
      (plotreference true)
      (plotvalue true)
      (plotinvisibletext false)
      (padsonsilk false)
      (subtractmaskfromsilk false)
      (outputformat 1)
      (mirror false)
      (drillshape 1)
      (scaleselection 1)
      (outputdirectory ""))
  )

  (net 0 "")
  (net 1 PROBE)
  (net 2 "Net-(BT1-Pad2)")
  (net 3 "Net-(BT1-Pad1)")
  (net 4 GND)
  (net 5 PLATE)
  (net 6 "Net-(D1-Pad1)")
  (net 7 "Net-(D2-Pad1)")
  (net 8 "Net-(D2-Pad2)")
  (net 9 "Net-(D3-Pad1)")
  (net 10 "Net-(D3-Pad2)")
  (net 11 "Net-(LD1-Pad1)")
  (net 12 "Net-(Q1-Pad2)")
  (net 13 "Net-(R1-Pad1)")
  (net 14 "Net-(LD1-Pad3)")

  (net_class Default "To jest domyślna klasa połączeń."
    (clearance 0.2)
    (trace_width 0.25)
    (via_dia 0.8)
    (via_drill 0.4)
    (uvia_dia 0.3)
    (uvia_drill 0.1)
    (add_net GND)
    (add_net "Net-(BT1-Pad1)")
    (add_net "Net-(BT1-Pad2)")
    (add_net "Net-(D1-Pad1)")
    (add_net "Net-(D2-Pad1)")
    (add_net "Net-(D2-Pad2)")
    (add_net "Net-(D3-Pad1)")
    (add_net "Net-(D3-Pad2)")
    (add_net "Net-(LD1-Pad1)")
    (add_net "Net-(LD1-Pad3)")
    (add_net "Net-(Q1-Pad2)")
    (add_net "Net-(R1-Pad1)")
    (add_net PLATE)
    (add_net PROBE)
  )

  (module Battery:BatteryHolder_Keystone_106_1x20mm (layer F.Cu) (tedit 5787C377) (tstamp 5E5F4E13)
    (at 180.29 141.73)
    (descr http://www.keyelco.com/product-pdf.cfm?p=720)
    (tags "Keystone type 106 battery holder")
    (path /5E618428)
    (fp_text reference BT1 (at -1.25 -4.5) (layer F.SilkS)
      (effects (font (size 1 1) (thickness 0.15)))
    )
    (fp_text value 2032 (at 15 15) (layer F.Fab)
      (effects (font (size 1 1) (thickness 0.15)))
    )
    (fp_text user + (at 2.75 0) (layer F.SilkS)
      (effects (font (size 1.5 1.5) (thickness 0.15)))
    )
    (fp_text user %R (at 0 0) (layer F.Fab)
      (effects (font (size 1 1) (thickness 0.15)))
    )
    (fp_arc (start 15.2 0) (end 1.65 3.52) (angle -165.5) (layer F.SilkS) (width 0.12))
    (fp_arc (start 15.2 0) (end 1.8 3.5) (angle -165.5) (layer F.Fab) (width 0.1))
    (fp_arc (start 15.2 0) (end 1.65 -3.52) (angle 165.5) (layer F.SilkS) (width 0.12))
    (fp_arc (start 15.2 0) (end 1.8 -3.5) (angle 165.5) (layer F.Fab) (width 0.1))
    (fp_arc (start 0.95 3.8) (end 0.95 3.05) (angle 70) (layer F.SilkS) (width 0.12))
    (fp_arc (start 0.95 3.8) (end 0.95 2.9) (angle 70) (layer F.Fab) (width 0.1))
    (fp_arc (start 0.95 -3.8) (end 0.95 -3.05) (angle -70) (layer F.SilkS) (width 0.12))
    (fp_arc (start 0.95 -3.8) (end 0.95 -2.9) (angle -70) (layer F.Fab) (width 0.1))
    (fp_line (start 0.95 -3.05) (end -1.5 -3.05) (layer F.SilkS) (width 0.12))
    (fp_line (start -1.5 3.05) (end 0.95 3.05) (layer F.SilkS) (width 0.12))
    (fp_arc (start -1.5 -2.5) (end -2.05 -2.5) (angle 90) (layer F.SilkS) (width 0.12))
    (fp_arc (start -1.5 2.5) (end -2.05 2.5) (angle -90) (layer F.SilkS) (width 0.12))
    (fp_line (start -2.05 -2.5) (end -2.05 2.5) (layer F.SilkS) (width 0.12))
    (fp_line (start 0.95 -2.9) (end -1.5 -2.9) (layer F.Fab) (width 0.1))
    (fp_line (start -1.5 2.9) (end 0.95 2.9) (layer F.Fab) (width 0.1))
    (fp_arc (start -1.5 2.5) (end -1.9 2.5) (angle -90) (layer F.Fab) (width 0.1))
    (fp_arc (start -1.5 -2.5) (end -2.3 -2.5) (angle 90) (layer F.CrtYd) (width 0.05))
    (fp_line (start -2.3 -2.5) (end -2.3 2.5) (layer F.CrtYd) (width 0.05))
    (fp_arc (start 0.95 3.8) (end 0.95 3.3) (angle 70) (layer F.CrtYd) (width 0.05))
    (fp_arc (start 15.2 0) (end 1.41 3.6) (angle -165.5) (layer F.CrtYd) (width 0.05))
    (fp_arc (start 15.2 0) (end 1.41 -3.6) (angle 165.5) (layer F.CrtYd) (width 0.05))
    (fp_arc (start 15.2 0) (end 5.18 1.3) (angle -180) (layer F.Fab) (width 0.1))
    (fp_arc (start 15.2 0) (end 9 1.3) (angle -170) (layer F.Fab) (width 0.1))
    (fp_arc (start 15.2 0) (end 13.3 1.3) (angle -150) (layer F.Fab) (width 0.1))
    (fp_arc (start 15.2 0) (end 13.3 -1.3) (angle 150) (layer F.Fab) (width 0.1))
    (fp_arc (start 15.2 0) (end 9 -1.3) (angle 170) (layer F.Fab) (width 0.1))
    (fp_arc (start 15.2 0) (end 5.18 -1.3) (angle 180) (layer F.Fab) (width 0.1))
    (fp_line (start 0.95 -3.3) (end -1.5 -3.3) (layer F.CrtYd) (width 0.05))
    (fp_line (start -1.5 3.3) (end 0.95 3.3) (layer F.CrtYd) (width 0.05))
    (fp_line (start -1.9 -2.5) (end -1.9 2.5) (layer F.Fab) (width 0.1))
    (fp_line (start 0 1.3) (end 16.2 1.3) (layer F.Fab) (width 0.1))
    (fp_line (start 16.2 -1.3) (end 0 -1.3) (layer F.Fab) (width 0.1))
    (fp_arc (start 0.95 -3.8) (end 0.95 -3.3) (angle -70) (layer F.CrtYd) (width 0.05))
    (fp_arc (start 16.2 0) (end 16.2 -1.3) (angle 180) (layer F.Fab) (width 0.1))
    (fp_line (start 0 -1.3) (end 0 1.3) (layer F.Fab) (width 0.1))
    (fp_arc (start -1.5 2.5) (end -2.3 2.5) (angle -90) (layer F.CrtYd) (width 0.05))
    (fp_arc (start -1.5 -2.5) (end -1.9 -2.5) (angle 90) (layer F.Fab) (width 0.1))
    (fp_line (start 22.6441 6.858) (end 25.35 9.3734) (layer F.Fab) (width 0.1))
    (fp_line (start 22.6568 -6.858) (end 25.3419 -9.4288) (layer F.Fab) (width 0.1))
    (pad 2 thru_hole circle (at 20.49 0) (size 3 3) (drill 1.5) (layers *.Cu *.Mask)
      (net 2 "Net-(BT1-Pad2)"))
    (pad 1 thru_hole rect (at 0 0) (size 3 3) (drill 1.5) (layers *.Cu *.Mask)
      (net 3 "Net-(BT1-Pad1)"))
    (model ${KISYS3DMOD}/Battery.3dshapes/BatteryHolder_Keystone_106_1x20mm.wrl
      (at (xyz 0 0 0))
      (scale (xyz 1 1 1))
      (rotate (xyz 0 0 0))
    )
  )

  (module Battery:BatteryHolder_Keystone_106_1x20mm (layer F.Cu) (tedit 5787C377) (tstamp 5E5F4E42)
    (at 213.06 141.7)
    (descr http://www.keyelco.com/product-pdf.cfm?p=720)
    (tags "Keystone type 106 battery holder")
    (path /5E6186F1)
    (fp_text reference BT2 (at -1.25 -4.5) (layer F.SilkS)
      (effects (font (size 1 1) (thickness 0.15)))
    )
    (fp_text value 2032 (at 15 15) (layer F.Fab)
      (effects (font (size 1 1) (thickness 0.15)))
    )
    (fp_line (start 22.6568 -6.858) (end 25.3419 -9.4288) (layer F.Fab) (width 0.1))
    (fp_line (start 22.6441 6.858) (end 25.35 9.3734) (layer F.Fab) (width 0.1))
    (fp_arc (start -1.5 -2.5) (end -1.9 -2.5) (angle 90) (layer F.Fab) (width 0.1))
    (fp_arc (start -1.5 2.5) (end -2.3 2.5) (angle -90) (layer F.CrtYd) (width 0.05))
    (fp_line (start 0 -1.3) (end 0 1.3) (layer F.Fab) (width 0.1))
    (fp_arc (start 16.2 0) (end 16.2 -1.3) (angle 180) (layer F.Fab) (width 0.1))
    (fp_arc (start 0.95 -3.8) (end 0.95 -3.3) (angle -70) (layer F.CrtYd) (width 0.05))
    (fp_line (start 16.2 -1.3) (end 0 -1.3) (layer F.Fab) (width 0.1))
    (fp_line (start 0 1.3) (end 16.2 1.3) (layer F.Fab) (width 0.1))
    (fp_line (start -1.9 -2.5) (end -1.9 2.5) (layer F.Fab) (width 0.1))
    (fp_line (start -1.5 3.3) (end 0.95 3.3) (layer F.CrtYd) (width 0.05))
    (fp_line (start 0.95 -3.3) (end -1.5 -3.3) (layer F.CrtYd) (width 0.05))
    (fp_arc (start 15.2 0) (end 5.18 -1.3) (angle 180) (layer F.Fab) (width 0.1))
    (fp_arc (start 15.2 0) (end 9 -1.3) (angle 170) (layer F.Fab) (width 0.1))
    (fp_arc (start 15.2 0) (end 13.3 -1.3) (angle 150) (layer F.Fab) (width 0.1))
    (fp_arc (start 15.2 0) (end 13.3 1.3) (angle -150) (layer F.Fab) (width 0.1))
    (fp_arc (start 15.2 0) (end 9 1.3) (angle -170) (layer F.Fab) (width 0.1))
    (fp_arc (start 15.2 0) (end 5.18 1.3) (angle -180) (layer F.Fab) (width 0.1))
    (fp_arc (start 15.2 0) (end 1.41 -3.6) (angle 165.5) (layer F.CrtYd) (width 0.05))
    (fp_arc (start 15.2 0) (end 1.41 3.6) (angle -165.5) (layer F.CrtYd) (width 0.05))
    (fp_arc (start 0.95 3.8) (end 0.95 3.3) (angle 70) (layer F.CrtYd) (width 0.05))
    (fp_line (start -2.3 -2.5) (end -2.3 2.5) (layer F.CrtYd) (width 0.05))
    (fp_arc (start -1.5 -2.5) (end -2.3 -2.5) (angle 90) (layer F.CrtYd) (width 0.05))
    (fp_arc (start -1.5 2.5) (end -1.9 2.5) (angle -90) (layer F.Fab) (width 0.1))
    (fp_line (start -1.5 2.9) (end 0.95 2.9) (layer F.Fab) (width 0.1))
    (fp_line (start 0.95 -2.9) (end -1.5 -2.9) (layer F.Fab) (width 0.1))
    (fp_line (start -2.05 -2.5) (end -2.05 2.5) (layer F.SilkS) (width 0.12))
    (fp_arc (start -1.5 2.5) (end -2.05 2.5) (angle -90) (layer F.SilkS) (width 0.12))
    (fp_arc (start -1.5 -2.5) (end -2.05 -2.5) (angle 90) (layer F.SilkS) (width 0.12))
    (fp_line (start -1.5 3.05) (end 0.95 3.05) (layer F.SilkS) (width 0.12))
    (fp_line (start 0.95 -3.05) (end -1.5 -3.05) (layer F.SilkS) (width 0.12))
    (fp_arc (start 0.95 -3.8) (end 0.95 -2.9) (angle -70) (layer F.Fab) (width 0.1))
    (fp_arc (start 0.95 -3.8) (end 0.95 -3.05) (angle -70) (layer F.SilkS) (width 0.12))
    (fp_arc (start 0.95 3.8) (end 0.95 2.9) (angle 70) (layer F.Fab) (width 0.1))
    (fp_arc (start 0.95 3.8) (end 0.95 3.05) (angle 70) (layer F.SilkS) (width 0.12))
    (fp_arc (start 15.2 0) (end 1.8 -3.5) (angle 165.5) (layer F.Fab) (width 0.1))
    (fp_arc (start 15.2 0) (end 1.65 -3.52) (angle 165.5) (layer F.SilkS) (width 0.12))
    (fp_arc (start 15.2 0) (end 1.8 3.5) (angle -165.5) (layer F.Fab) (width 0.1))
    (fp_arc (start 15.2 0) (end 1.65 3.52) (angle -165.5) (layer F.SilkS) (width 0.12))
    (fp_text user %R (at 0 0) (layer F.Fab)
      (effects (font (size 1 1) (thickness 0.15)))
    )
    (fp_text user + (at 2.75 0) (layer F.SilkS)
      (effects (font (size 1.5 1.5) (thickness 0.15)))
    )
    (pad 1 thru_hole rect (at 0 0) (size 3 3) (drill 1.5) (layers *.Cu *.Mask)
      (net 2 "Net-(BT1-Pad2)"))
    (pad 2 thru_hole circle (at 20.49 0) (size 3 3) (drill 1.5) (layers *.Cu *.Mask)
      (net 4 GND))
    (model ${KISYS3DMOD}/Battery.3dshapes/BatteryHolder_Keystone_106_1x20mm.wrl
      (at (xyz 0 0 0))
      (scale (xyz 1 1 1))
      (rotate (xyz 0 0 0))
    )
  )

  (module Battery:BatteryHolder_Keystone_106_1x20mm (layer F.Cu) (tedit 5787C377) (tstamp 5E5F4E71)
    (at 174.05 141.76 180)
    (descr http://www.keyelco.com/product-pdf.cfm?p=720)
    (tags "Keystone type 106 battery holder")
    (path /5E61F56F)
    (fp_text reference BT3 (at -1.25 -4.5) (layer F.SilkS)
      (effects (font (size 1 1) (thickness 0.15)))
    )
    (fp_text value 2032 (at 15 15) (layer F.Fab)
      (effects (font (size 1 1) (thickness 0.15)))
    )
    (fp_text user + (at 2.75 0) (layer F.SilkS)
      (effects (font (size 1.5 1.5) (thickness 0.15)))
    )
    (fp_text user %R (at 0 0) (layer F.Fab)
      (effects (font (size 1 1) (thickness 0.15)))
    )
    (fp_arc (start 15.2 0) (end 1.65 3.52) (angle -165.5) (layer F.SilkS) (width 0.12))
    (fp_arc (start 15.2 0) (end 1.8 3.5) (angle -165.5) (layer F.Fab) (width 0.1))
    (fp_arc (start 15.2 0) (end 1.65 -3.52) (angle 165.5) (layer F.SilkS) (width 0.12))
    (fp_arc (start 15.2 0) (end 1.8 -3.5) (angle 165.5) (layer F.Fab) (width 0.1))
    (fp_arc (start 0.95 3.8) (end 0.95 3.05) (angle 70) (layer F.SilkS) (width 0.12))
    (fp_arc (start 0.95 3.8) (end 0.95 2.9) (angle 70) (layer F.Fab) (width 0.1))
    (fp_arc (start 0.95 -3.8) (end 0.95 -3.05) (angle -70) (layer F.SilkS) (width 0.12))
    (fp_arc (start 0.95 -3.8) (end 0.95 -2.9) (angle -70) (layer F.Fab) (width 0.1))
    (fp_line (start 0.95 -3.05) (end -1.5 -3.05) (layer F.SilkS) (width 0.12))
    (fp_line (start -1.5 3.05) (end 0.95 3.05) (layer F.SilkS) (width 0.12))
    (fp_arc (start -1.5 -2.5) (end -2.05 -2.5) (angle 90) (layer F.SilkS) (width 0.12))
    (fp_arc (start -1.5 2.5) (end -2.05 2.5) (angle -90) (layer F.SilkS) (width 0.12))
    (fp_line (start -2.05 -2.5) (end -2.05 2.5) (layer F.SilkS) (width 0.12))
    (fp_line (start 0.95 -2.9) (end -1.5 -2.9) (layer F.Fab) (width 0.1))
    (fp_line (start -1.5 2.9) (end 0.95 2.9) (layer F.Fab) (width 0.1))
    (fp_arc (start -1.5 2.5) (end -1.9 2.5) (angle -90) (layer F.Fab) (width 0.1))
    (fp_arc (start -1.5 -2.5) (end -2.3 -2.5) (angle 90) (layer F.CrtYd) (width 0.05))
    (fp_line (start -2.3 -2.5) (end -2.3 2.5) (layer F.CrtYd) (width 0.05))
    (fp_arc (start 0.95 3.8) (end 0.95 3.3) (angle 70) (layer F.CrtYd) (width 0.05))
    (fp_arc (start 15.2 0) (end 1.41 3.6) (angle -165.5) (layer F.CrtYd) (width 0.05))
    (fp_arc (start 15.2 0) (end 1.41 -3.6) (angle 165.5) (layer F.CrtYd) (width 0.05))
    (fp_arc (start 15.2 0) (end 5.18 1.3) (angle -180) (layer F.Fab) (width 0.1))
    (fp_arc (start 15.2 0) (end 9 1.3) (angle -170) (layer F.Fab) (width 0.1))
    (fp_arc (start 15.2 0) (end 13.3 1.3) (angle -150) (layer F.Fab) (width 0.1))
    (fp_arc (start 15.2 0) (end 13.3 -1.3) (angle 150) (layer F.Fab) (width 0.1))
    (fp_arc (start 15.2 0) (end 9 -1.3) (angle 170) (layer F.Fab) (width 0.1))
    (fp_arc (start 15.2 0) (end 5.18 -1.3) (angle 180) (layer F.Fab) (width 0.1))
    (fp_line (start 0.95 -3.3) (end -1.5 -3.3) (layer F.CrtYd) (width 0.05))
    (fp_line (start -1.5 3.3) (end 0.95 3.3) (layer F.CrtYd) (width 0.05))
    (fp_line (start -1.9 -2.5) (end -1.9 2.5) (layer F.Fab) (width 0.1))
    (fp_line (start 0 1.3) (end 16.2 1.3) (layer F.Fab) (width 0.1))
    (fp_line (start 16.2 -1.3) (end 0 -1.3) (layer F.Fab) (width 0.1))
    (fp_arc (start 0.95 -3.8) (end 0.95 -3.3) (angle -70) (layer F.CrtYd) (width 0.05))
    (fp_arc (start 16.2 0) (end 16.2 -1.3) (angle 180) (layer F.Fab) (width 0.1))
    (fp_line (start 0 -1.3) (end 0 1.3) (layer F.Fab) (width 0.1))
    (fp_arc (start -1.5 2.5) (end -2.3 2.5) (angle -90) (layer F.CrtYd) (width 0.05))
    (fp_arc (start -1.5 -2.5) (end -1.9 -2.5) (angle 90) (layer F.Fab) (width 0.1))
    (fp_line (start 22.6441 6.858) (end 25.35 9.3734) (layer F.Fab) (width 0.1))
    (fp_line (start 22.6568 -6.858) (end 25.3419 -9.4288) (layer F.Fab) (width 0.1))
    (pad 2 thru_hole circle (at 20.49 0 180) (size 3 3) (drill 1.5) (layers *.Cu *.Mask)
      (net 4 GND))
    (pad 1 thru_hole rect (at 0 0 180) (size 3 3) (drill 1.5) (layers *.Cu *.Mask)
      (net 5 PLATE))
    (model ${KISYS3DMOD}/Battery.3dshapes/BatteryHolder_Keystone_106_1x20mm.wrl
      (at (xyz 0 0 0))
      (scale (xyz 1 1 1))
      (rotate (xyz 0 0 0))
    )
  )

  (module LED_THT:LED_D3.0mm (layer F.Cu) (tedit 587A3A7B) (tstamp 5E5F4E84)
    (at 157.72 122.62)
    (descr "LED, diameter 3.0mm, 2 pins")
    (tags "LED diameter 3.0mm 2 pins")
    (path /5E5A9FD2)
    (fp_text reference D1 (at 1.27 -2.96) (layer F.SilkS)
      (effects (font (size 1 1) (thickness 0.15)))
    )
    (fp_text value RED (at 1.27 2.96) (layer F.Fab)
      (effects (font (size 1 1) (thickness 0.15)))
    )
    (fp_line (start 3.7 -2.25) (end -1.15 -2.25) (layer F.CrtYd) (width 0.05))
    (fp_line (start 3.7 2.25) (end 3.7 -2.25) (layer F.CrtYd) (width 0.05))
    (fp_line (start -1.15 2.25) (end 3.7 2.25) (layer F.CrtYd) (width 0.05))
    (fp_line (start -1.15 -2.25) (end -1.15 2.25) (layer F.CrtYd) (width 0.05))
    (fp_line (start -0.29 1.08) (end -0.29 1.236) (layer F.SilkS) (width 0.12))
    (fp_line (start -0.29 -1.236) (end -0.29 -1.08) (layer F.SilkS) (width 0.12))
    (fp_line (start -0.23 -1.16619) (end -0.23 1.16619) (layer F.Fab) (width 0.1))
    (fp_circle (center 1.27 0) (end 2.77 0) (layer F.Fab) (width 0.1))
    (fp_arc (start 1.27 0) (end 0.229039 1.08) (angle -87.9) (layer F.SilkS) (width 0.12))
    (fp_arc (start 1.27 0) (end 0.229039 -1.08) (angle 87.9) (layer F.SilkS) (width 0.12))
    (fp_arc (start 1.27 0) (end -0.29 1.235516) (angle -108.8) (layer F.SilkS) (width 0.12))
    (fp_arc (start 1.27 0) (end -0.29 -1.235516) (angle 108.8) (layer F.SilkS) (width 0.12))
    (fp_arc (start 1.27 0) (end -0.23 -1.16619) (angle 284.3) (layer F.Fab) (width 0.1))
    (pad 2 thru_hole circle (at 2.54 0) (size 1.8 1.8) (drill 0.9) (layers *.Cu *.Mask)
      (net 5 PLATE))
    (pad 1 thru_hole rect (at 0 0) (size 1.8 1.8) (drill 0.9) (layers *.Cu *.Mask)
      (net 6 "Net-(D1-Pad1)"))
    (model ${KISYS3DMOD}/LED_THT.3dshapes/LED_D3.0mm.wrl
      (at (xyz 0 0 0))
      (scale (xyz 1 1 1))
      (rotate (xyz 0 0 0))
    )
  )

  (module LED_THT:LED_D3.0mm (layer F.Cu) (tedit 587A3A7B) (tstamp 5E5F4E97)
    (at 171.38 115.1 180)
    (descr "LED, diameter 3.0mm, 2 pins")
    (tags "LED diameter 3.0mm 2 pins")
    (path /5E5F75F3)
    (fp_text reference D2 (at 1.27 -2.96) (layer F.SilkS)
      (effects (font (size 1 1) (thickness 0.15)))
    )
    (fp_text value 410nm (at 1.27 2.96) (layer F.Fab)
      (effects (font (size 1 1) (thickness 0.15)))
    )
    (fp_arc (start 1.27 0) (end -0.23 -1.16619) (angle 284.3) (layer F.Fab) (width 0.1))
    (fp_arc (start 1.27 0) (end -0.29 -1.235516) (angle 108.8) (layer F.SilkS) (width 0.12))
    (fp_arc (start 1.27 0) (end -0.29 1.235516) (angle -108.8) (layer F.SilkS) (width 0.12))
    (fp_arc (start 1.27 0) (end 0.229039 -1.08) (angle 87.9) (layer F.SilkS) (width 0.12))
    (fp_arc (start 1.27 0) (end 0.229039 1.08) (angle -87.9) (layer F.SilkS) (width 0.12))
    (fp_circle (center 1.27 0) (end 2.77 0) (layer F.Fab) (width 0.1))
    (fp_line (start -0.23 -1.16619) (end -0.23 1.16619) (layer F.Fab) (width 0.1))
    (fp_line (start -0.29 -1.236) (end -0.29 -1.08) (layer F.SilkS) (width 0.12))
    (fp_line (start -0.29 1.08) (end -0.29 1.236) (layer F.SilkS) (width 0.12))
    (fp_line (start -1.15 -2.25) (end -1.15 2.25) (layer F.CrtYd) (width 0.05))
    (fp_line (start -1.15 2.25) (end 3.7 2.25) (layer F.CrtYd) (width 0.05))
    (fp_line (start 3.7 2.25) (end 3.7 -2.25) (layer F.CrtYd) (width 0.05))
    (fp_line (start 3.7 -2.25) (end -1.15 -2.25) (layer F.CrtYd) (width 0.05))
    (pad 1 thru_hole rect (at 0 0 180) (size 1.8 1.8) (drill 0.9) (layers *.Cu *.Mask)
      (net 7 "Net-(D2-Pad1)"))
    (pad 2 thru_hole circle (at 2.54 0 180) (size 1.8 1.8) (drill 0.9) (layers *.Cu *.Mask)
      (net 8 "Net-(D2-Pad2)"))
    (model ${KISYS3DMOD}/LED_THT.3dshapes/LED_D3.0mm.wrl
      (at (xyz 0 0 0))
      (scale (xyz 1 1 1))
      (rotate (xyz 0 0 0))
    )
  )

  (module LED_THT:LED_D3.0mm (layer F.Cu) (tedit 587A3A7B) (tstamp 5E5F4EAA)
    (at 171.42 123.78 180)
    (descr "LED, diameter 3.0mm, 2 pins")
    (tags "LED diameter 3.0mm 2 pins")
    (path /5E5F815C)
    (fp_text reference D3 (at 1.27 -2.96) (layer F.SilkS)
      (effects (font (size 1 1) (thickness 0.15)))
    )
    (fp_text value WH (at 1.27 2.96) (layer F.Fab)
      (effects (font (size 1 1) (thickness 0.15)))
    )
    (fp_arc (start 1.27 0) (end -0.23 -1.16619) (angle 284.3) (layer F.Fab) (width 0.1))
    (fp_arc (start 1.27 0) (end -0.29 -1.235516) (angle 108.8) (layer F.SilkS) (width 0.12))
    (fp_arc (start 1.27 0) (end -0.29 1.235516) (angle -108.8) (layer F.SilkS) (width 0.12))
    (fp_arc (start 1.27 0) (end 0.229039 -1.08) (angle 87.9) (layer F.SilkS) (width 0.12))
    (fp_arc (start 1.27 0) (end 0.229039 1.08) (angle -87.9) (layer F.SilkS) (width 0.12))
    (fp_circle (center 1.27 0) (end 2.77 0) (layer F.Fab) (width 0.1))
    (fp_line (start -0.23 -1.16619) (end -0.23 1.16619) (layer F.Fab) (width 0.1))
    (fp_line (start -0.29 -1.236) (end -0.29 -1.08) (layer F.SilkS) (width 0.12))
    (fp_line (start -0.29 1.08) (end -0.29 1.236) (layer F.SilkS) (width 0.12))
    (fp_line (start -1.15 -2.25) (end -1.15 2.25) (layer F.CrtYd) (width 0.05))
    (fp_line (start -1.15 2.25) (end 3.7 2.25) (layer F.CrtYd) (width 0.05))
    (fp_line (start 3.7 2.25) (end 3.7 -2.25) (layer F.CrtYd) (width 0.05))
    (fp_line (start 3.7 -2.25) (end -1.15 -2.25) (layer F.CrtYd) (width 0.05))
    (pad 1 thru_hole rect (at 0 0 180) (size 1.8 1.8) (drill 0.9) (layers *.Cu *.Mask)
      (net 9 "Net-(D3-Pad1)"))
    (pad 2 thru_hole circle (at 2.54 0 180) (size 1.8 1.8) (drill 0.9) (layers *.Cu *.Mask)
      (net 10 "Net-(D3-Pad2)"))
    (model ${KISYS3DMOD}/LED_THT.3dshapes/LED_D3.0mm.wrl
      (at (xyz 0 0 0))
      (scale (xyz 1 1 1))
      (rotate (xyz 0 0 0))
    )
  )

  (module LED_SMD:LED_1806_4516Metric (layer F.Cu) (tedit 5B301BBE) (tstamp 5E5F4EBD)
    (at 171.96 108.58 180)
    (descr "LED SMD 1806 (4516 Metric), square (rectangular) end terminal, IPC_7351 nominal, (Body size source: https://www.modelithics.com/models/Vendor/MuRata/BLM41P.pdf), generated with kicad-footprint-generator")
    (tags diode)
    (path /5E5F6D56)
    (attr smd)
    (fp_text reference LD1 (at 0 -1.85) (layer F.SilkS)
      (effects (font (size 1 1) (thickness 0.15)))
    )
    (fp_text value RED (at 0 1.85) (layer F.Fab)
      (effects (font (size 1 1) (thickness 0.15)))
    )
    (fp_line (start 2.25 -0.8) (end -1.85 -0.8) (layer F.Fab) (width 0.1))
    (fp_line (start -1.85 -0.8) (end -2.25 -0.4) (layer F.Fab) (width 0.1))
    (fp_line (start -2.25 -0.4) (end -2.25 0.8) (layer F.Fab) (width 0.1))
    (fp_line (start -2.25 0.8) (end 2.25 0.8) (layer F.Fab) (width 0.1))
    (fp_line (start 2.25 0.8) (end 2.25 -0.8) (layer F.Fab) (width 0.1))
    (fp_line (start 2.25 -1.16) (end -2.96 -1.16) (layer F.SilkS) (width 0.12))
    (fp_line (start -2.96 -1.16) (end -2.96 1.16) (layer F.SilkS) (width 0.12))
    (fp_line (start -2.96 1.16) (end 2.25 1.16) (layer F.SilkS) (width 0.12))
    (fp_line (start -2.95 1.15) (end -2.95 -1.15) (layer F.CrtYd) (width 0.05))
    (fp_line (start -2.95 -1.15) (end 2.95 -1.15) (layer F.CrtYd) (width 0.05))
    (fp_line (start 2.95 -1.15) (end 2.95 1.15) (layer F.CrtYd) (width 0.05))
    (fp_line (start 2.95 1.15) (end -2.95 1.15) (layer F.CrtYd) (width 0.05))
    (fp_text user %R (at 0 0) (layer F.Fab)
      (effects (font (size 1 1) (thickness 0.15)))
    )
    (pad 1 smd roundrect (at -2 0 180) (size 1.4 1.8) (layers F.Cu F.Paste F.Mask) (roundrect_rratio 0.178571)
      (net 11 "Net-(LD1-Pad1)"))
    (pad 2 smd roundrect (at 2 0 180) (size 1.4 1.8) (layers F.Cu F.Paste F.Mask) (roundrect_rratio 0.178571))
    (model ${KISYS3DMOD}/LED_SMD.3dshapes/LED_1806_4516Metric.wrl
      (at (xyz 0 0 0))
      (scale (xyz 1 1 1))
      (rotate (xyz 0 0 0))
    )
  )

  (module Package_TO_SOT_THT:TO-92 (layer F.Cu) (tedit 5A279852) (tstamp 5E5F4ECF)
    (at 139.25 141.76 180)
    (descr "TO-92 leads molded, narrow, drill 0.75mm (see NXP sot054_po.pdf)")
    (tags "to-92 sc-43 sc-43a sot54 PA33 transistor")
    (path /5E5A9FE7)
    (fp_text reference Q1 (at 1.27 -3.56) (layer F.SilkS)
      (effects (font (size 1 1) (thickness 0.15)))
    )
    (fp_text value BC517 (at 1.27 2.79) (layer F.Fab)
      (effects (font (size 1 1) (thickness 0.15)))
    )
    (fp_text user %R (at 1.27 -3.56) (layer F.Fab)
      (effects (font (size 1 1) (thickness 0.15)))
    )
    (fp_line (start -0.53 1.85) (end 3.07 1.85) (layer F.SilkS) (width 0.12))
    (fp_line (start -0.5 1.75) (end 3 1.75) (layer F.Fab) (width 0.1))
    (fp_line (start -1.46 -2.73) (end 4 -2.73) (layer F.CrtYd) (width 0.05))
    (fp_line (start -1.46 -2.73) (end -1.46 2.01) (layer F.CrtYd) (width 0.05))
    (fp_line (start 4 2.01) (end 4 -2.73) (layer F.CrtYd) (width 0.05))
    (fp_line (start 4 2.01) (end -1.46 2.01) (layer F.CrtYd) (width 0.05))
    (fp_arc (start 1.27 0) (end 1.27 -2.48) (angle 135) (layer F.Fab) (width 0.1))
    (fp_arc (start 1.27 0) (end 1.27 -2.6) (angle -135) (layer F.SilkS) (width 0.12))
    (fp_arc (start 1.27 0) (end 1.27 -2.48) (angle -135) (layer F.Fab) (width 0.1))
    (fp_arc (start 1.27 0) (end 1.27 -2.6) (angle 135) (layer F.SilkS) (width 0.12))
    (pad 2 thru_hole circle (at 1.27 -1.27 270) (size 1.3 1.3) (drill 0.75) (layers *.Cu *.Mask)
      (net 12 "Net-(Q1-Pad2)"))
    (pad 3 thru_hole circle (at 2.54 0 270) (size 1.3 1.3) (drill 0.75) (layers *.Cu *.Mask)
      (net 6 "Net-(D1-Pad1)"))
    (pad 1 thru_hole rect (at 0 0 270) (size 1.3 1.3) (drill 0.75) (layers *.Cu *.Mask)
      (net 4 GND))
    (model ${KISYS3DMOD}/Package_TO_SOT_THT.3dshapes/TO-92.wrl
      (at (xyz 0 0 0))
      (scale (xyz 1 1 1))
      (rotate (xyz 0 0 0))
    )
  )

  (module Resistor_THT:R_Axial_DIN0204_L3.6mm_D1.6mm_P1.90mm_Vertical (layer F.Cu) (tedit 5AE5139B) (tstamp 5E5F4EDD)
    (at 128.56 143.03)
    (descr "Resistor, Axial_DIN0204 series, Axial, Vertical, pin pitch=1.9mm, 0.167W, length*diameter=3.6*1.6mm^2, http://cdn-reichelt.de/documents/datenblatt/B400/1_4W%23YAG.pdf")
    (tags "Resistor Axial_DIN0204 series Axial Vertical pin pitch 1.9mm 0.167W length 3.6mm diameter 1.6mm")
    (path /5E5A9FE0)
    (fp_text reference R1 (at 0.95 -1.92) (layer F.SilkS)
      (effects (font (size 1 1) (thickness 0.15)))
    )
    (fp_text value "4M7 1/4W" (at 0.95 1.92) (layer F.Fab)
      (effects (font (size 1 1) (thickness 0.15)))
    )
    (fp_arc (start 0 0) (end 0.417133 -0.7) (angle -233.92106) (layer F.SilkS) (width 0.12))
    (fp_circle (center 0 0) (end 0.8 0) (layer F.Fab) (width 0.1))
    (fp_line (start 0 0) (end 1.9 0) (layer F.Fab) (width 0.1))
    (fp_line (start -1.05 -1.05) (end -1.05 1.05) (layer F.CrtYd) (width 0.05))
    (fp_line (start -1.05 1.05) (end 2.86 1.05) (layer F.CrtYd) (width 0.05))
    (fp_line (start 2.86 1.05) (end 2.86 -1.05) (layer F.CrtYd) (width 0.05))
    (fp_line (start 2.86 -1.05) (end -1.05 -1.05) (layer F.CrtYd) (width 0.05))
    (fp_text user %R (at 0.95 -1.92) (layer F.Fab)
      (effects (font (size 1 1) (thickness 0.15)))
    )
    (pad 1 thru_hole circle (at 0 0) (size 1.4 1.4) (drill 0.7) (layers *.Cu *.Mask)
      (net 13 "Net-(R1-Pad1)"))
    (pad 2 thru_hole oval (at 1.9 0) (size 1.4 1.4) (drill 0.7) (layers *.Cu *.Mask)
      (net 12 "Net-(Q1-Pad2)"))
    (model ${KISYS3DMOD}/Resistor_THT.3dshapes/R_Axial_DIN0204_L3.6mm_D1.6mm_P1.90mm_Vertical.wrl
      (at (xyz 0 0 0))
      (scale (xyz 1 1 1))
      (rotate (xyz 0 0 0))
    )
  )

  (module Resistor_THT:R_Axial_DIN0414_L11.9mm_D4.5mm_P15.24mm_Horizontal (layer F.Cu) (tedit 5AE5139B) (tstamp 5E5F4EF4)
    (at 123.65 143.03 180)
    (descr "Resistor, Axial_DIN0414 series, Axial, Horizontal, pin pitch=15.24mm, 2W, length*diameter=11.9*4.5mm^2, http://www.vishay.com/docs/20128/wkxwrx.pdf")
    (tags "Resistor Axial_DIN0414 series Axial Horizontal pin pitch 15.24mm 2W length 11.9mm diameter 4.5mm")
    (path /5E5BC907)
    (fp_text reference R2 (at 7.62 -3.37) (layer F.SilkS)
      (effects (font (size 1 1) (thickness 0.15)))
    )
    (fp_text value "15M 2W" (at 7.62 3.37) (layer F.Fab)
      (effects (font (size 1 1) (thickness 0.15)))
    )
    (fp_line (start 1.67 -2.25) (end 1.67 2.25) (layer F.Fab) (width 0.1))
    (fp_line (start 1.67 2.25) (end 13.57 2.25) (layer F.Fab) (width 0.1))
    (fp_line (start 13.57 2.25) (end 13.57 -2.25) (layer F.Fab) (width 0.1))
    (fp_line (start 13.57 -2.25) (end 1.67 -2.25) (layer F.Fab) (width 0.1))
    (fp_line (start 0 0) (end 1.67 0) (layer F.Fab) (width 0.1))
    (fp_line (start 15.24 0) (end 13.57 0) (layer F.Fab) (width 0.1))
    (fp_line (start 1.55 -2.37) (end 1.55 2.37) (layer F.SilkS) (width 0.12))
    (fp_line (start 1.55 2.37) (end 13.69 2.37) (layer F.SilkS) (width 0.12))
    (fp_line (start 13.69 2.37) (end 13.69 -2.37) (layer F.SilkS) (width 0.12))
    (fp_line (start 13.69 -2.37) (end 1.55 -2.37) (layer F.SilkS) (width 0.12))
    (fp_line (start 1.44 0) (end 1.55 0) (layer F.SilkS) (width 0.12))
    (fp_line (start 13.8 0) (end 13.69 0) (layer F.SilkS) (width 0.12))
    (fp_line (start -1.45 -2.5) (end -1.45 2.5) (layer F.CrtYd) (width 0.05))
    (fp_line (start -1.45 2.5) (end 16.69 2.5) (layer F.CrtYd) (width 0.05))
    (fp_line (start 16.69 2.5) (end 16.69 -2.5) (layer F.CrtYd) (width 0.05))
    (fp_line (start 16.69 -2.5) (end -1.45 -2.5) (layer F.CrtYd) (width 0.05))
    (fp_text user %R (at 7.62 0) (layer F.Fab)
      (effects (font (size 1 1) (thickness 0.15)))
    )
    (pad 1 thru_hole circle (at 0 0 180) (size 2.4 2.4) (drill 1.2) (layers *.Cu *.Mask)
      (net 13 "Net-(R1-Pad1)"))
    (pad 2 thru_hole oval (at 15.24 0 180) (size 2.4 2.4) (drill 1.2) (layers *.Cu *.Mask)
      (net 1 PROBE))
    (model ${KISYS3DMOD}/Resistor_THT.3dshapes/R_Axial_DIN0414_L11.9mm_D4.5mm_P15.24mm_Horizontal.wrl
      (at (xyz 0 0 0))
      (scale (xyz 1 1 1))
      (rotate (xyz 0 0 0))
    )
  )

  (module Resistor_SMD:R_0603_1608Metric (layer F.Cu) (tedit 5B301BBD) (tstamp 5E5F4F05)
    (at 183.21 128.95 90)
    (descr "Resistor SMD 0603 (1608 Metric), square (rectangular) end terminal, IPC_7351 nominal, (Body size source: http://www.tortai-tech.com/upload/download/2011102023233369053.pdf), generated with kicad-footprint-generator")
    (tags resistor)
    (path /5E5FA802)
    (attr smd)
    (fp_text reference R3 (at 0 -1.43 90) (layer F.SilkS)
      (effects (font (size 1 1) (thickness 0.15)))
    )
    (fp_text value R (at 0 1.43 90) (layer F.Fab)
      (effects (font (size 1 1) (thickness 0.15)))
    )
    (fp_line (start -0.8 0.4) (end -0.8 -0.4) (layer F.Fab) (width 0.1))
    (fp_line (start -0.8 -0.4) (end 0.8 -0.4) (layer F.Fab) (width 0.1))
    (fp_line (start 0.8 -0.4) (end 0.8 0.4) (layer F.Fab) (width 0.1))
    (fp_line (start 0.8 0.4) (end -0.8 0.4) (layer F.Fab) (width 0.1))
    (fp_line (start -0.162779 -0.51) (end 0.162779 -0.51) (layer F.SilkS) (width 0.12))
    (fp_line (start -0.162779 0.51) (end 0.162779 0.51) (layer F.SilkS) (width 0.12))
    (fp_line (start -1.48 0.73) (end -1.48 -0.73) (layer F.CrtYd) (width 0.05))
    (fp_line (start -1.48 -0.73) (end 1.48 -0.73) (layer F.CrtYd) (width 0.05))
    (fp_line (start 1.48 -0.73) (end 1.48 0.73) (layer F.CrtYd) (width 0.05))
    (fp_line (start 1.48 0.73) (end -1.48 0.73) (layer F.CrtYd) (width 0.05))
    (fp_text user %R (at 0 0 90) (layer F.Fab)
      (effects (font (size 0.4 0.4) (thickness 0.06)))
    )
    (pad 1 smd roundrect (at -0.7875 0 90) (size 0.875 0.95) (layers F.Cu F.Paste F.Mask) (roundrect_rratio 0.25)
      (net 3 "Net-(BT1-Pad1)"))
    (pad 2 smd roundrect (at 0.7875 0 90) (size 0.875 0.95) (layers F.Cu F.Paste F.Mask) (roundrect_rratio 0.25)
      (net 11 "Net-(LD1-Pad1)"))
    (model ${KISYS3DMOD}/Resistor_SMD.3dshapes/R_0603_1608Metric.wrl
      (at (xyz 0 0 0))
      (scale (xyz 1 1 1))
      (rotate (xyz 0 0 0))
    )
  )

  (module Resistor_SMD:R_0603_1608Metric (layer F.Cu) (tedit 5B301BBD) (tstamp 5E5F4F16)
    (at 179.95 128.98 90)
    (descr "Resistor SMD 0603 (1608 Metric), square (rectangular) end terminal, IPC_7351 nominal, (Body size source: http://www.tortai-tech.com/upload/download/2011102023233369053.pdf), generated with kicad-footprint-generator")
    (tags resistor)
    (path /5E5FAA7C)
    (attr smd)
    (fp_text reference R4 (at 0 -1.43 90) (layer F.SilkS)
      (effects (font (size 1 1) (thickness 0.15)))
    )
    (fp_text value R (at 0 1.43 90) (layer F.Fab)
      (effects (font (size 1 1) (thickness 0.15)))
    )
    (fp_text user %R (at 0 0 90) (layer F.Fab)
      (effects (font (size 0.4 0.4) (thickness 0.06)))
    )
    (fp_line (start 1.48 0.73) (end -1.48 0.73) (layer F.CrtYd) (width 0.05))
    (fp_line (start 1.48 -0.73) (end 1.48 0.73) (layer F.CrtYd) (width 0.05))
    (fp_line (start -1.48 -0.73) (end 1.48 -0.73) (layer F.CrtYd) (width 0.05))
    (fp_line (start -1.48 0.73) (end -1.48 -0.73) (layer F.CrtYd) (width 0.05))
    (fp_line (start -0.162779 0.51) (end 0.162779 0.51) (layer F.SilkS) (width 0.12))
    (fp_line (start -0.162779 -0.51) (end 0.162779 -0.51) (layer F.SilkS) (width 0.12))
    (fp_line (start 0.8 0.4) (end -0.8 0.4) (layer F.Fab) (width 0.1))
    (fp_line (start 0.8 -0.4) (end 0.8 0.4) (layer F.Fab) (width 0.1))
    (fp_line (start -0.8 -0.4) (end 0.8 -0.4) (layer F.Fab) (width 0.1))
    (fp_line (start -0.8 0.4) (end -0.8 -0.4) (layer F.Fab) (width 0.1))
    (pad 2 smd roundrect (at 0.7875 0 90) (size 0.875 0.95) (layers F.Cu F.Paste F.Mask) (roundrect_rratio 0.25)
      (net 8 "Net-(D2-Pad2)"))
    (pad 1 smd roundrect (at -0.7875 0 90) (size 0.875 0.95) (layers F.Cu F.Paste F.Mask) (roundrect_rratio 0.25)
      (net 3 "Net-(BT1-Pad1)"))
    (model ${KISYS3DMOD}/Resistor_SMD.3dshapes/R_0603_1608Metric.wrl
      (at (xyz 0 0 0))
      (scale (xyz 1 1 1))
      (rotate (xyz 0 0 0))
    )
  )

  (module Resistor_SMD:R_0603_1608Metric (layer F.Cu) (tedit 5B301BBD) (tstamp 5E5F4F27)
    (at 176.45 128.98 90)
    (descr "Resistor SMD 0603 (1608 Metric), square (rectangular) end terminal, IPC_7351 nominal, (Body size source: http://www.tortai-tech.com/upload/download/2011102023233369053.pdf), generated with kicad-footprint-generator")
    (tags resistor)
    (path /5E5FACCD)
    (attr smd)
    (fp_text reference R5 (at 0 -1.43 90) (layer F.SilkS)
      (effects (font (size 1 1) (thickness 0.15)))
    )
    (fp_text value R (at 0 1.43 90) (layer F.Fab)
      (effects (font (size 1 1) (thickness 0.15)))
    )
    (fp_line (start -0.8 0.4) (end -0.8 -0.4) (layer F.Fab) (width 0.1))
    (fp_line (start -0.8 -0.4) (end 0.8 -0.4) (layer F.Fab) (width 0.1))
    (fp_line (start 0.8 -0.4) (end 0.8 0.4) (layer F.Fab) (width 0.1))
    (fp_line (start 0.8 0.4) (end -0.8 0.4) (layer F.Fab) (width 0.1))
    (fp_line (start -0.162779 -0.51) (end 0.162779 -0.51) (layer F.SilkS) (width 0.12))
    (fp_line (start -0.162779 0.51) (end 0.162779 0.51) (layer F.SilkS) (width 0.12))
    (fp_line (start -1.48 0.73) (end -1.48 -0.73) (layer F.CrtYd) (width 0.05))
    (fp_line (start -1.48 -0.73) (end 1.48 -0.73) (layer F.CrtYd) (width 0.05))
    (fp_line (start 1.48 -0.73) (end 1.48 0.73) (layer F.CrtYd) (width 0.05))
    (fp_line (start 1.48 0.73) (end -1.48 0.73) (layer F.CrtYd) (width 0.05))
    (fp_text user %R (at 0 0 90) (layer F.Fab)
      (effects (font (size 0.4 0.4) (thickness 0.06)))
    )
    (pad 1 smd roundrect (at -0.7875 0 90) (size 0.875 0.95) (layers F.Cu F.Paste F.Mask) (roundrect_rratio 0.25)
      (net 3 "Net-(BT1-Pad1)"))
    (pad 2 smd roundrect (at 0.7875 0 90) (size 0.875 0.95) (layers F.Cu F.Paste F.Mask) (roundrect_rratio 0.25)
      (net 10 "Net-(D3-Pad2)"))
    (model ${KISYS3DMOD}/Resistor_SMD.3dshapes/R_0603_1608Metric.wrl
      (at (xyz 0 0 0))
      (scale (xyz 1 1 1))
      (rotate (xyz 0 0 0))
    )
  )

  (module Button_Switch_SMD:SW_SPST_CK_RS282G05A3 (layer F.Cu) (tedit 5A7A67D2) (tstamp 5E5F4F42)
    (at 229.84 118.61 180)
    (descr https://www.mouser.com/ds/2/60/RS-282G05A-SM_RT-1159762.pdf)
    (tags "SPST button tactile switch")
    (path /5E6078EA)
    (attr smd)
    (fp_text reference SW1 (at 0 -2.6) (layer F.SilkS)
      (effects (font (size 1 1) (thickness 0.15)))
    )
    (fp_text value SW_SPST (at 0 3) (layer F.Fab)
      (effects (font (size 1 1) (thickness 0.15)))
    )
    (fp_line (start -4.9 2.05) (end -4.9 -2.05) (layer F.CrtYd) (width 0.05))
    (fp_line (start 4.9 2.05) (end -4.9 2.05) (layer F.CrtYd) (width 0.05))
    (fp_line (start 4.9 -2.05) (end 4.9 2.05) (layer F.CrtYd) (width 0.05))
    (fp_line (start -4.9 -2.05) (end 4.9 -2.05) (layer F.CrtYd) (width 0.05))
    (fp_text user %R (at 0 -2.6) (layer F.Fab)
      (effects (font (size 1 1) (thickness 0.15)))
    )
    (fp_line (start -1.75 -1) (end 1.75 -1) (layer F.Fab) (width 0.1))
    (fp_line (start 1.75 -1) (end 1.75 1) (layer F.Fab) (width 0.1))
    (fp_line (start 1.75 1) (end -1.75 1) (layer F.Fab) (width 0.1))
    (fp_line (start -1.75 1) (end -1.75 -1) (layer F.Fab) (width 0.1))
    (fp_line (start -3.06 -1.85) (end 3.06 -1.85) (layer F.SilkS) (width 0.12))
    (fp_line (start 3.06 -1.85) (end 3.06 1.85) (layer F.SilkS) (width 0.12))
    (fp_line (start 3.06 1.85) (end -3.06 1.85) (layer F.SilkS) (width 0.12))
    (fp_line (start -3.06 1.85) (end -3.06 -1.85) (layer F.SilkS) (width 0.12))
    (fp_line (start -1.5 0.8) (end 1.5 0.8) (layer F.Fab) (width 0.1))
    (fp_line (start -1.5 -0.8) (end 1.5 -0.8) (layer F.Fab) (width 0.1))
    (fp_line (start 1.5 -0.8) (end 1.5 0.8) (layer F.Fab) (width 0.1))
    (fp_line (start -1.5 -0.8) (end -1.5 0.8) (layer F.Fab) (width 0.1))
    (fp_line (start -3 1.8) (end 3 1.8) (layer F.Fab) (width 0.1))
    (fp_line (start -3 -1.8) (end 3 -1.8) (layer F.Fab) (width 0.1))
    (fp_line (start -3 -1.8) (end -3 1.8) (layer F.Fab) (width 0.1))
    (fp_line (start 3 -1.8) (end 3 1.8) (layer F.Fab) (width 0.1))
    (pad 1 smd rect (at -3.9 0 180) (size 1.5 1.5) (layers F.Cu F.Paste F.Mask)
      (net 4 GND))
    (pad 2 smd rect (at 3.9 0 180) (size 1.5 1.5) (layers F.Cu F.Paste F.Mask)
      (net 14 "Net-(LD1-Pad3)"))
    (model ${KISYS3DMOD}/Button_Switch_SMD.3dshapes/SW_SPST_CK_RS282G05A3.wrl
      (at (xyz 0 0 0))
      (scale (xyz 1 1 1))
      (rotate (xyz 0 0 0))
    )
  )

  (module Button_Switch_SMD:SW_SPST_CK_RS282G05A3 (layer F.Cu) (tedit 5A7A67D2) (tstamp 5E5F4F5D)
    (at 201.91 118.75)
    (descr https://www.mouser.com/ds/2/60/RS-282G05A-SM_RT-1159762.pdf)
    (tags "SPST button tactile switch")
    (path /5E607CF9)
    (attr smd)
    (fp_text reference SW2 (at 0 -2.6) (layer F.SilkS)
      (effects (font (size 1 1) (thickness 0.15)))
    )
    (fp_text value SW_SPST (at 0 3) (layer F.Fab)
      (effects (font (size 1 1) (thickness 0.15)))
    )
    (fp_line (start 3 -1.8) (end 3 1.8) (layer F.Fab) (width 0.1))
    (fp_line (start -3 -1.8) (end -3 1.8) (layer F.Fab) (width 0.1))
    (fp_line (start -3 -1.8) (end 3 -1.8) (layer F.Fab) (width 0.1))
    (fp_line (start -3 1.8) (end 3 1.8) (layer F.Fab) (width 0.1))
    (fp_line (start -1.5 -0.8) (end -1.5 0.8) (layer F.Fab) (width 0.1))
    (fp_line (start 1.5 -0.8) (end 1.5 0.8) (layer F.Fab) (width 0.1))
    (fp_line (start -1.5 -0.8) (end 1.5 -0.8) (layer F.Fab) (width 0.1))
    (fp_line (start -1.5 0.8) (end 1.5 0.8) (layer F.Fab) (width 0.1))
    (fp_line (start -3.06 1.85) (end -3.06 -1.85) (layer F.SilkS) (width 0.12))
    (fp_line (start 3.06 1.85) (end -3.06 1.85) (layer F.SilkS) (width 0.12))
    (fp_line (start 3.06 -1.85) (end 3.06 1.85) (layer F.SilkS) (width 0.12))
    (fp_line (start -3.06 -1.85) (end 3.06 -1.85) (layer F.SilkS) (width 0.12))
    (fp_line (start -1.75 1) (end -1.75 -1) (layer F.Fab) (width 0.1))
    (fp_line (start 1.75 1) (end -1.75 1) (layer F.Fab) (width 0.1))
    (fp_line (start 1.75 -1) (end 1.75 1) (layer F.Fab) (width 0.1))
    (fp_line (start -1.75 -1) (end 1.75 -1) (layer F.Fab) (width 0.1))
    (fp_text user %R (at 0 -2.6) (layer F.Fab)
      (effects (font (size 1 1) (thickness 0.15)))
    )
    (fp_line (start -4.9 -2.05) (end 4.9 -2.05) (layer F.CrtYd) (width 0.05))
    (fp_line (start 4.9 -2.05) (end 4.9 2.05) (layer F.CrtYd) (width 0.05))
    (fp_line (start 4.9 2.05) (end -4.9 2.05) (layer F.CrtYd) (width 0.05))
    (fp_line (start -4.9 2.05) (end -4.9 -2.05) (layer F.CrtYd) (width 0.05))
    (pad 2 smd rect (at 3.9 0) (size 1.5 1.5) (layers F.Cu F.Paste F.Mask)
